40 0
38.0 1
37.0 2
25.333333333333332 3
26.666666666666668 4
22.666666666666668 5
21.0 6
19.333333333333332 7
15.0 8
26.333333333333332 9
16.666666666666668 10
14.0 11
11.333333333333334 12
9.333333333333334 13
11.666666666666666 14
5.666666666666667 15
11.333333333333334 16
16.333333333333332 17
16.333333333333332 18
21.333333333333332 19
19.666666666666668 20
24.0 21
15.0 22
11.0 23
4.333333333333333 24
2.6666666666666665 25
1.0 26
5.666666666666667 27
14.666666666666666 28
23.0 29
25.333333333333332 30
29.333333333333332 31
21.666666666666668 32
21.333333333333332 33
10.666666666666666 34
17.666666666666668 35
16.0 36
21.333333333333332 37
18.333333333333332 38
23.666666666666668 39
22.0 40
24.333333333333332 41
23.666666666666668 42
18.666666666666668 43
18.0 44
8.333333333333334 45
17.333333333333332 46
20.333333333333332 47
33.0 48
30.333333333333332 49
