27 0
27.0 1
19.571428571428573 2
22.411764705882355 3
21.999999999999996 4
14.0 5
11.700000000000001 6
15.1 7
15.35 8
17.05 9
22.95 10
24.200000000000003 11
16.5 12
22.3 13
14.950000000000001 14
19.35 15
21.8 16
23.0 17
26.75 18
27.5 19
31.0 20
29.85 21
31.55 22
29.0 23
24.5 24
20.5 25
26.200000000000003 26
20.699999999999996 27
20.450000000000003 28
14.549999999999999 29
16.75 30
13.15 31
15.5 32
18.25 33
11.3 34
20.4 35
24.25 36
28.9 37
26.55 38
31.9 39
32.75 40
24.65 41
14.500000000000002 42
18.15 43
22.200000000000003 44
18.35 45
17.200000000000003 46
26.85 47
18.3 48
17.950000000000003 49
