40 0
38.8 1
37.66 2
27.861999999999995 3
31.503399999999996 4
28.952379999999994 5
20.266665999999994 6
24.686666199999994 7
20.280666339999996 8
24.396466437999997 9
18.8775265066 10
13.814268554619998 11
17.469987988234 12
12.2289915917638 13
11.260294114234659 14
10.28220587996426 15
12.297544115974983 16
15.808280881182487 17
13.46579661682774 18
19.026057631779416 19
19.01824034224559 20
19.612768239571913 21
15.228937767700339 22
12.760256437390236 23
9.232179506173166 24
6.462525654321216 25
5.1237679580248505 26
8.086637570617395 27
13.760646299432175 28
17.732452409602523 29
19.012716686721767 30
25.008901680705236 31
18.706231176493663 32
19.394361823545562 33
15.676053276481893 34
18.473237293537323 35
17.731266105476127 36
19.311886273833288 37
18.3183203916833 38
22.42282427417831 39
21.095976991924815 40
21.667183894347367 41
24.167028726043156 42
17.816920108230207 43
18.771844075761145 44
13.440290853032801 45
18.40820359712296 46
21.88574251798607 47
27.02001976259025 48
25.514013833813173 49
