0 74.14817810058594 55.07469177246094 46.96846008300781 53.882598876953125
1 32.901763916015625 24.318695068359375 21.219253540039062 40.29273986816406
2 30.040740966796875 21.457672119140625 20.503997802734375 23.126602172851562
3 27.179718017578125 24.080276489257812 36.2396240234375 24.318695068359375
4 27.418136596679688 22.172927856445312 26.941299438476562 35.52436828613281
5 38.38539123535156 25.033950805664062 24.557113647460938 41.961669921875
6 29.802322387695312 22.88818359375 20.742416381835938 23.603439331054688
7 28.6102294921875 17.404556274414062 18.835067749023438 23.126602172851562
8 41.72325134277344 34.809112548828125 28.6102294921875 35.04753112792969
9 47.206878662109375 39.33906555175781 37.670135498046875 37.670135498046875
10 40.76957702636719 36.716461181640625 35.04753112792969 36.95487976074219
11 44.345855712890625 36.716461181640625 36.00120544433594 43.392181396484375
12 52.21366882324219 30.755996704101562 34.809112548828125 42.20008850097656
13 49.114227294921875 50.78315734863281 41.24641418457031 45.299530029296875
14 43.8690185546875 33.855438232421875 33.37860107421875 38.14697265625
15 47.206878662109375 35.04753112792969 29.087066650390625 28.848648071289062
16 38.86222839355469 30.279159545898438 37.43171691894531 41.24641418457031
17 38.86222839355469 31.709671020507812 31.232833862304688 39.33906555175781
18 39.81590270996094 25.510787963867188 25.987625122070312 30.040740966796875
19 36.95487976074219 29.087066650390625 24.318695068359375 28.133392333984375
20 66.51878356933594 34.332275390625 31.232833862304688 32.901763916015625
21 42.91534423828125 42.91534423828125 41.72325134277344 40.29273986816406
22 52.45208740234375 229.83551025390625 23.365020751953125 30.279159545898438
23 62.70408630371094 17.881393432617188 18.596649169921875 35.28594970703125
24 47.6837158203125 38.86222839355469 29.802322387695312 33.61701965332031
25 33.61701965332031 19.311904907226562 18.596649169921875 22.88818359375
26 28.848648071289062 18.596649169921875 18.358230590820312 20.02716064453125
27 25.987625122070312 18.835067749023438 17.881393432617188 19.788742065429688
28 25.272369384765625 19.311904907226562 18.11981201171875 20.503997802734375
29 24.557113647460938 18.358230590820312 17.642974853515625 19.788742065429688
30 25.510787963867188 16.689300537109375 17.404556274414062 21.457672119140625
31 25.033950805664062 16.689300537109375 17.1661376953125 19.311904907226562
32 24.080276489257812 19.073486328125 20.9808349609375 20.02716064453125
33 24.557113647460938 22.88818359375 19.073486328125 19.788742065429688
34 24.080276489257812 22.649765014648438 18.835067749023438 19.550323486328125
35 24.557113647460938 18.11981201171875 17.642974853515625 18.835067749023438
36 25.033950805664062 19.073486328125 17.881393432617188 19.788742065429688
37 25.987625122070312 17.404556274414062 17.881393432617188 20.9808349609375
38 24.7955322265625 17.642974853515625 17.881393432617188 20.02716064453125
39 24.318695068359375 16.689300537109375 17.1661376953125 20.02716064453125
40 25.510787963867188 22.649765014648438 19.311904907226562 20.9808349609375
41 25.033950805664062 17.881393432617188 17.881393432617188 21.219253540039062
42 24.7955322265625 18.358230590820312 18.358230590820312 20.742416381835938
43 24.7955322265625 19.311904907226562 18.11981201171875 19.788742065429688
44 25.033950805664062 18.358230590820312 17.642974853515625 19.550323486328125
45 26.464462280273438 19.311904907226562 18.358230590820312 20.265579223632812
46 25.74920654296875 19.311904907226562 18.358230590820312 21.219253540039062
47 25.033950805664062 19.788742065429688 18.11981201171875 20.9808349609375
48 25.272369384765625 15.2587890625 16.927719116210938 21.457672119140625
49 24.557113647460938 20.265579223632812 18.358230590820312 20.265579223632812
50 25.510787963867188 19.788742065429688 18.11981201171875 20.02716064453125
51 25.033950805664062 19.073486328125 17.881393432617188 20.02716064453125
52 25.510787963867188 16.689300537109375 17.404556274414062 20.503997802734375
53 25.987625122070312 17.404556274414062 17.642974853515625 21.93450927734375
54 25.74920654296875 22.172927856445312 18.835067749023438 20.9808349609375
55 25.033950805664062 19.788742065429688 18.596649169921875 19.550323486328125
56 25.272369384765625 17.404556274414062 17.642974853515625 20.9808349609375
57 24.7955322265625 20.742416381835938 18.596649169921875 20.02716064453125
58 25.033950805664062 22.649765014648438 19.311904907226562 20.02716064453125
59 39.10064697265625 20.9808349609375 18.358230590820312 20.9808349609375
60 25.510787963867188 21.696090698242188 18.835067749023438 20.742416381835938
61 25.74920654296875 15.497207641601562 17.1661376953125 20.9808349609375
62 25.510787963867188 20.02716064453125 18.358230590820312 19.311904907226562
63 24.318695068359375 20.02716064453125 18.835067749023438 20.742416381835938
64 25.272369384765625 16.21246337890625 17.404556274414062 20.742416381835938
65 25.033950805664062 20.742416381835938 18.835067749023438 20.9808349609375
66 23.603439331054688 23.365020751953125 19.311904907226562 20.02716064453125
67 30.040740966796875 40.531158447265625 35.28594970703125 36.47804260253906
68 35.28594970703125 23.603439331054688 19.073486328125 21.457672119140625
69 25.033950805664062 19.311904907226562 18.11981201171875 20.503997802734375
70 32.901763916015625 18.835067749023438 18.11981201171875 20.265579223632812
71 37.19329833984375 33.61701965332031 28.6102294921875 21.696090698242188
72 25.510787963867188 20.9808349609375 18.358230590820312 20.503997802734375
73 25.033950805664062 19.788742065429688 18.358230590820312 20.9808349609375
74 25.510787963867188 18.11981201171875 17.642974853515625 20.265579223632812
75 25.510787963867188 16.927719116210938 17.642974853515625 19.788742065429688
76 26.226043701171875 17.881393432617188 17.404556274414062 19.550323486328125
77 25.510787963867188 16.689300537109375 17.642974853515625 19.550323486328125
78 24.080276489257812 20.265579223632812 18.835067749023438 20.503997802734375
79 25.033950805664062 19.073486328125 18.11981201171875 20.265579223632812
80 26.226043701171875 15.974044799804688 17.642974853515625 21.219253540039062
81 25.510787963867188 23.84185791015625 19.311904907226562 20.9808349609375
82 25.272369384765625 19.788742065429688 18.11981201171875 19.311904907226562
83 25.272369384765625 15.2587890625 16.927719116210938 24.080276489257812
84 26.941299438476562 18.596649169921875 17.881393432617188 20.742416381835938
85 25.033950805664062 20.742416381835938 18.358230590820312 19.788742065429688
86 25.510787963867188 19.788742065429688 18.11981201171875 20.02716064453125
87 25.987625122070312 15.497207641601562 17.1661376953125 19.311904907226562
88 25.510787963867188 20.02716064453125 18.596649169921875 20.265579223632812
89 24.7955322265625 19.311904907226562 18.11981201171875 20.02716064453125
90 25.272369384765625 17.404556274414062 17.404556274414062 20.265579223632812
91 24.557113647460938 20.742416381835938 18.358230590820312 19.311904907226562
92 24.318695068359375 21.696090698242188 18.835067749023438 20.9808349609375
93 25.033950805664062 18.358230590820312 17.642974853515625 20.02716064453125
94 25.510787963867188 17.404556274414062 17.404556274414062 20.503997802734375
95 24.080276489257812 20.9808349609375 18.596649169921875 20.503997802734375
96 24.318695068359375 20.742416381835938 18.11981201171875 20.9808349609375
97 24.7955322265625 18.358230590820312 17.881393432617188 20.265579223632812
98 24.080276489257812 21.219253540039062 18.835067749023438 20.265579223632812
99 25.510787963867188 15.974044799804688 17.1661376953125 21.219253540039062
